-0.07685437569000969 0.23809889565420178 
0.01756757208447724 -0.04876553450850854 
0.009488237314217352 0.00214003868518342 
0.023131683041356862 -0.06317401298853484 
0.09738747623807277 0.019345208067887795 
-0.06270905909459419 0.04840127318600219 
-0.16340594823863014 -0.01464386678508724 
0.22031581049471874 0.12584154884707607 
-0.05758427169451227 -0.03908176085134752 
0.05149253475970655 -0.1910423036762124 
0.19009537086393422 -0.15958202774016692 
-0.14198422051148785 0.1199906385491901 
-0.028530464106830022 0.17924011005408333 
0.008938327930594835 0.0163162454894269 
-0.26696192777188493 -0.028872181075248696 
-0.13554322825232062 -0.20531013296141032 
0.10062254542177126 0.22808873464858492 
0.03568899302816896 -0.047320343202026285 
-0.24532717989265806 -0.08268944432897442 
0.25481822410287364 0.0792756979472459 
0.16476473120992027 -0.062176547309915495 
0.13590584098752506 0.1662130569704073 
-2.5905029290712416E-4 0.005008534640426565 
-0.15325355359950482 0.108314011070157 
-0.03122126835377161 0.07935797797889901 
-0.20919274721896108 -0.12428844255249191 
0.22445750064283604 -0.15004664704953977 
-0.08028952572553016 0.26356429646247437 
-0.03293177553521021 -0.015625074591692628 
-0.07742284446706076 -0.039767910655342055 
0.09415506809728566 0.18385984406240752 
-0.07796964462342784 -0.25503555171663783 
0.0018554721693144587 -0.04916362126190131 
-0.011455018662204702 0.011419907134516072 
-0.00939789127129266 0.11633520485313516 
-0.15677407553863157 0.00808902669370474 
0.03236423945705409 0.0012540684106278023 
0.06610885029403109 -0.006671482992652451 
0.11586573780356252 0.15562878193820662 
-0.016525065791708298 0.04254608840276166 
-0.11755403001308996 -0.1521230356528324 
-0.10482100298294696 0.03178811405225184 
-0.024393743518977336 -0.054236542117322976 
-0.10556403911188657 -0.03712853455632612 
0.03647727438281637 -0.16320609441695128 
-0.16989688412851411 -0.038649802487753585 
-0.07472419989207864 0.014453032339368784 
-0.07797966445806673 0.00995096992518997 
-0.012558285440236606 -0.0017093179590136145 
0.0326311658250051 -0.10491780261386807 
-0.025595129545396594 -0.1000234538733689 
-0.15032151340160047 -0.2505336659838339 
0.22456532763541784 0.06342794201252606 
-0.14191766899879646 -0.07131640752301294 
-0.12247392982235263 0.02793487027907323 
-0.013764318734179635 0.018547892605937834 
0.046479434727729106 0.23233526294879558 
-0.13775867442731088 0.11580089101922672 
0.06785149020840088 0.006366105294437116 
-0.05997768724139525 0.028749314854532342 
-0.05537213106482279 0.010911278085951433 
-0.016971394973847705 -0.13871586981568385 
-0.013869993874292403 0.08061924204859595 
0.29218745389768647 0.0523468083084606 
0.06437351490960039 0.005460723881787295 
-0.020723215441508156 0.05935218966725931 
-0.2458479595892106 0.08797816845349053 
0.0059778253043136775 7.535729187873778E-4 
0.014768778516084328 -0.0770521119260663 
0.07264517598136519 0.08140092377202192 
-0.011931197950990286 0.02633643950155725 
0.1804759819347709 -0.14187196428824253 
-0.20822113294228559 -0.09002792307926182 
0.009227963340400836 0.01585413243301119 
0.1984805530259435 -0.01120961448500217 
0.03095359889392939 -0.13615868176408688 
3.241494483864172E-4 0.029252338212227436 
0.04625378413937137 0.23593902703702502 
6.139258720754973E-4 -6.866035421613164E-4 
-0.03522747883195896 -0.04812369973946203 
0.005649536661789009 0.006582861366570066 
-0.22529498205595896 0.08752737011862517 
0.017590147426189858 0.02627315330412966 
0.015043183872738146 -0.02532715936896962 
-4.450400478257598E-5 -0.036858140801590666 
-0.03698187921950134 -0.04072404070788414 
-0.13843069075575545 0.22293433234871177 
-0.023251505745636922 -0.010885419305500469 
-0.06590470058041814 -0.05331692181620374 
0.10246489658014281 0.05226306769934061 
9.214554160752086E-4 0.018982864076887488 
0.1770841212848107 0.12389220921230433 
0.07786842168879811 -0.09959482993281506 
-0.016937791218454294 -0.1948360602971566 
-0.0036503280211395302 -0.015240193221178647 
-0.0029989104215334527 2.768965000149826E-4 
0.02034216804991612 -0.21812478337837296 
0.14042827385231665 -0.011175257332126305 
0.005584085991644165 0.0015211396282354946 
-0.048251476803243015 0.06870715294860412 
-0.9842676551549577 0.7728392303041518 
-0.9851439212025129 0.6247113810559449 
-0.9322592044089516 0.8685585434290496 
-0.8296548432636403 1.0917117950623165 
-0.9440717758808846 0.7282814400602401 
-0.8832689927928644 1.0440450264880727 
-0.6004625522609539 0.7661701727865107 
-0.9076732003149193 0.9279043460269016 
-0.5956485075619293 0.7482747568818918 
-0.8459139877272845 0.644425162204235 
-0.8589451455838796 0.8378726022652176 
-0.6796034853103337 0.7084679554108925 
-1.0856331147016784 0.8483390028357427 
-0.6165842937328765 0.5341063227549169 
-0.7990560314295736 0.765090163970465 
-0.8002949598465634 0.5883420086071249 
-0.9872415369837702 0.9627889348481 
-0.7439912998434567 1.0035929997845985 
-0.9098771463295159 1.0274018704836716 
-1.0361433949150585 0.9072734252766701 
-0.855260959357953 1.0948447057385073 
-0.9377418074705011 0.6133079882335555 
-0.8418869525386146 0.5388517711723687 
-0.6979106361812109 0.7256968089600473 
-0.9056131035803514 1.080353148554262 
-0.9511393383307868 0.9282701146424671 
-0.6909000150820045 0.9490421048170203 
-1.0276090650249667 0.9775456469852457 
-0.5733966279377316 0.6049635737514062 
-1.007503374479385 0.777124963903396 
-0.6811886772292892 0.923852800636984 
-1.0808573336907685 0.9923384955284418 
-0.7533146620225213 0.8646020660458815 
-1.0364130373184124 0.6628723750277332 
-0.576693097073858 1.0706313380086345 
-0.6961134913793439 0.6888837292906087 
-0.9763939214029086 1.0090877067298165 
-0.8362812542412419 0.9026344429740776 
-0.5992259861260018 0.7226964051992475 
-0.5921917678705223 1.0929467772348638 
-1.0269015855169619 0.65873478427256 
-0.729665808023872 0.6238078820432601 
-0.6825781293131727 0.9479994434055901 
-0.885469377378753 0.7812234551401833 
-0.7533660662403665 0.7337844234717786 
-0.9277233757376844 0.6939443135398993 
-0.7414311211734305 0.6967875298318578 
-0.9681894795904056 1.003963213598322 
-0.6776082125549354 0.986509736207362 
-0.6702129299435443 0.6117023913222225 
-0.8839833842243725 0.753111493870926 
-0.5392665130630302 0.5885860597310625 
-1.055688850779721 0.5758379017117179 
-1.0574547117594904 0.536215403935466 
-0.9471959534674235 0.9050231090438665 
-0.8290003821524834 0.8766368505552236 
-1.0946791655587553 0.9743332212946694 
-0.9406510368032552 0.5822182803616314 
-0.9835639901917715 1.0983047764344152 
-0.7091053952533588 0.8964207565056903 
-1.0791600758770965 1.0473846940173346 
-0.8869750765466408 1.058277410093144 
-0.5783205224488673 0.6885759758971393 
-0.8294605383366462 0.923663651158424 
-1.0113568475486605 0.6944418945026506 
-0.6858340683079678 0.8754674772544431 
-0.7259785765274533 0.8566196102033445 
-0.5729871201508563 0.9325410513201269 
-0.6188152260876161 0.7921430257123498 
-0.9127130204237012 0.5038386434831259 
-1.0451177810576402 1.0017725943993914 
-0.6700601540234615 0.989419618336375 
-0.6335253001143814 0.5291787803565553 
-0.9170052361853699 1.004018078129 
-0.5603221042826649 1.0782239273001712 
-0.7638595886248156 0.591654688322707 
-0.8963993926190494 0.5727357541257015 
-1.0502360136555242 1.0112894968180948 
-0.5301745066135116 0.9890644319895209 
-0.8680678554494144 0.7037877482931617 
-0.8910102125850206 0.856363245576623 
-0.6010854470878466 0.8994945683591877 
-1.0502150483056167 0.9029315587125226 
-0.508319787262131 0.9934875449378225 
-0.9604954435962632 0.529107109866594 
-0.7536170044598924 0.7020996498742242 
-1.0097686322338502 0.5080932001030001 
-0.5888112188020945 0.5195786312651544 
-0.5115352120373534 0.5557545324596032 
-0.7351177934325314 0.7177720454063069 
-0.6315486399730447 0.7688143010514669 
-0.8754725430389176 0.6745010423310387 
-0.7593084371661312 0.608033233536449 
-0.9699569890788873 0.6778090377802632 
-0.8729426545713095 1.0988497616516546 
-0.8371135029815001 0.9335448918592472 
-0.8173344743756822 0.6366091882800144 
-0.5058684742776521 0.7027639649653925 
-1.0178865773972348 0.6169077597477003 
-0.6359453537533181 0.9132035407421231 
-0.9861063176760373 -0.7362736396437406 
-1.0290640990583422 -0.774387431636346 
-1.0382334263255346 -0.70107317388277 
-0.7088867330489528 -0.8090106785488069 
-0.5444214553175672 -0.9136678015138385 
-0.8345837930776527 -0.7911962006637181 
-0.753522867832384 -1.0079891520137496 
-0.6310595311479603 -0.9109447318191992 
-0.5973168368114411 -0.870467119302884 
-0.96828868270463 -0.6674614159166617 
-0.8680580966004221 -0.9951346347964745 
-0.802880888494466 -0.6260331945379549 
-0.7845139782139011 -0.5597782165422239 
-0.606903549711822 -0.618379655731119 
-0.6141958872169151 -0.6604208306325412 
-0.7521576254296272 -0.8250328643572401 
-0.703280704162859 -1.0392749335924714 
-0.5925148679867495 -0.79177890015831 
-0.9807563913319147 -0.6204051749569851 
-0.892589460073117 -1.0269200483646121 
-0.549615504359735 -0.8276918863648622 
-0.8879306077393623 -1.0020931960772685 
-0.7554588043732429 -0.8012880062783996 
-0.6300870283681266 -0.5366066729128068 
-0.7316610253367838 -0.6516134521258325 
-0.9693081822006197 -0.6837342503796511 
-0.6602890952055329 -0.9940329320972725 
-0.5583112276889297 -0.7571314868073232 
-0.6592527154359646 -0.7927143833157555 
-0.6224566771140314 -0.6365163326480774 
-0.7087061776400105 -0.608766847587429 
-0.7348399024958567 -0.5739825459304924 
-0.9635090052588048 -0.8956084000694537 
-0.8592195726124049 -0.7857905088862147 
-0.9635927037712013 -0.8136160057844387 
-0.6793682727373116 -0.5592074512478463 
-0.6503692784417694 -0.5464608595514134 
-0.9203444598798551 -0.6299447441840575 
-0.7248567641699325 -0.6931344463827005 
-0.5853492978272696 -0.9929672824063129 
-0.9419858138509162 -0.5825218930264491 
-0.9812455822117113 -1.0979258914062662 
-0.6255905631501064 -0.5114809181345128 
-0.6864802293763927 -0.7501907122810966 
-1.0098759406393027 -0.7427361937153665 
-0.8270659308601426 -0.9894398936806413 
-0.5656927162368304 -1.015500525956917 
-0.969441567856939 -0.9499844190243592 
-0.6537407884265972 -0.5195856720127854 
-0.8134447744519699 -0.8204865709321228 
-0.6618599653621304 -0.7628675104308731 
-0.8742947970790116 -0.9154561602731519 
-0.8298567533449583 -0.9223213622823463 
-1.0793969723868753 -0.9468849561411676 
-0.8428548829199134 -0.5104453058619361 
-0.873944973077525 -0.8416066305400647 
-0.5829458878670476 -0.5117406145221793 
-0.8287105008553222 -1.088445770618966 
-0.5689556954825278 -0.7480200029550471 
-1.0740745457577807 -0.8189464530329961 
-0.7854317061991549 -0.5166660668745708 
-0.546268135082702 -1.0264469905673104 
-0.6044944272716783 -0.5125637869556995 
-0.824954628479829 -0.7104944939827352 
-0.937986313641958 -0.6922824635651403 
-0.8656998103163308 -0.8970689824568602 
-0.8223897668772921 -0.6681842493223282 
-0.7865399017045305 -1.029813810491627 
-0.9352754545199111 -1.0304876220204866 
-0.6547717526833089 -0.5534453070131164 
-1.069580718736292 -0.8869161124897476 
-0.9382535849285646 -0.6177414244523569 
-0.9508074451963124 -0.8824138596187767 
-0.934918674448104 -0.9189855218223558 
-0.5722674294538324 -1.0155113686064905 
-1.0748684261028332 -0.5654681664949023 
-0.8447924303128502 -0.703276063122827 
-0.7013252991414511 -0.5046261762241478 
-0.8098654069411422 -0.5633843136913549 
-0.5798902813423075 -0.881624930032183 
-0.9489180762921767 -0.6797025994914441 
-0.559963444034211 -0.5126663150916643 
-1.0365793391682498 -0.6968675183251387 
-0.7178503190583856 -0.8510314586630525 
-0.5319480910684758 -0.5497055327505205 
-0.5479909209574254 -0.5998436985774486 
-0.679502806501658 -0.974935202911825 
-0.536912157571253 -0.6827640561769932 
-0.9000497243177077 -0.5754460908097966 
-0.5539185231753491 -0.8223079426671436 
-1.0921501167769807 -0.9115499826292814 
-0.7232002072617796 -0.6951982843046296 
-0.7357564985716996 -1.0789519050213112 
-0.8039512922574754 -0.5351469709031316 
-0.7923265168434792 -0.6997895976252249 
-0.7982555039687015 -0.7356831134543442 
-0.5294724283057782 -0.8009421317683435 
-0.9309103728894632 -1.0691228882432653 
-0.9632430320822516 -0.6829094728791132 
-0.7010251482284309 -0.5825026586343359 
0.5925759108571809 -0.7929166793675286 
0.8078583012571818 -0.8572735288358473 
0.9532177721318587 -0.8074977456374585 
0.7542082780001416 -0.7267816662870664 
0.8900334337243558 -0.6026659222641961 
0.9471823212375623 -0.9340360971300739 
1.092178985162974 -0.5438786808391408 
1.0025510818291026 -0.9819912284522551 
0.8758502439906464 -0.9633570676890896 
0.9989616539610602 -0.7795489261153319 
0.7014830873720477 -0.808921000679512 
0.6444704287951442 -0.8187107335231786 
0.5755489102413464 -0.646353328768747 
0.8888621608884538 -0.9317877676382178 
0.7985361105085725 -0.8764071247257902 
0.7116075193144296 -0.9723025076606929 
0.674418876890668 -0.787922422415222 
0.6783970404996126 -1.0391927503493772 
0.5193758746218842 -0.5101197975586999 
0.9910260476311579 -0.9211552410663518 
0.5987320345983733 -1.0499903269403572 
0.9559904006819238 -1.0764423799958978 
0.681058134926924 -0.6048022031708742 
0.6664891894026759 -1.0831525324796343 
0.927072886855957 -0.6250968132499362 
0.6306163826434706 -0.6960306773782176 
0.8284543401840436 -0.8701478151092051 
0.6853593318944046 -1.0280227846814547 
1.0778772523480145 -0.7457088052623383 
0.8116078770982278 -0.5383039225646005 
0.5865547421503974 -0.74297646157127 
1.0097141013814566 -1.05322669943235 
0.7692732750563678 -1.0080479537669158 
0.8082281962127633 -0.7726129531606412 
0.689370651539823 -0.562752420819229 
1.0602723429366712 -0.521038591216469 
0.6973183464364547 -0.8705885643033362 
0.6325999253459983 -0.9922375433413823 
1.0065295308749238 -1.0956012630497856 
1.0117240140036454 -0.6044778442156853 
1.028725877036445 -0.7373822766881566 
0.5395842331348929 -0.6357390036684851 
0.838656759901388 -0.5419813479609179 
0.5480576156420454 -0.9397467095332142 
0.6541754101298791 -1.0863655518332531 
0.887204823724474 -0.7573972110053038 
0.9026377237151237 -0.6131664840476041 
0.8364788948560142 -0.532830619569557 
0.8983001354316986 -0.9528063679527204 
0.9512099035723904 -0.6193883828958882 
0.5778540726832898 -0.7116956722782914 
0.6285145983551493 -0.5179174982021071 
0.732445326760902 -0.5280463561464501 
0.8773661722828243 -1.0283598280725077 
0.9344877640766662 -0.5009466413500082 
0.946895131858274 -0.8152920335648597 
0.6862914979691445 -1.0836945315878443 
0.9050784557691045 -0.989057902521107 
0.8149868373124551 -0.9989889496523758 
0.5668096594203156 -0.5863613786685191 
1.0044361362746392 -0.6814289978253665 
0.5459288526190504 -1.0976654698245036 
0.9897865014325204 -0.7818732314983131 
0.6501275728884368 -0.8334683762975492 
0.7440276061550014 -0.7785627223108622 
0.5507289180850774 -0.5475050460389114 
0.9583792944911751 -0.5315127159092149 
1.0411800045485313 -0.7421487510727149 
1.0595450963494457 -0.8895298724230555 
1.0486789219759824 -0.8697639501753416 
0.7168282555757417 -0.8133132334141773 
0.8826951744874321 -0.8134882444162581 
1.0708182791198895 -0.913448626814873 
0.792227709342787 -0.5818976450118117 
0.7628165338578698 -0.6187081029016033 
0.7604812591429888 -1.0842362381262665 
0.660380514088243 -0.5879170631117122 
0.7912270616547603 -0.7663675758968709 
0.9593275497424198 -1.0577539396391806 
0.7354505770377087 -0.5823319004119074 
0.6962492166256108 -0.9791980949038306 
0.7699741275911314 -0.6523697503848982 
0.8280491459229431 -1.036943852496483 
0.7715788541640433 -1.0154991810490173 
0.926227334869385 -0.7689498221315134 
1.0307359329033237 -0.5232102188421895 
0.9935956511855887 -1.007394075956534 
0.6183932621989995 -0.7405669264361789 
0.7398194435852534 -0.9476576835485913 
0.8573494624772995 -0.9219838463857843 
0.8496416300465925 -0.7185604647174555 
0.5565830858934748 -0.9111703205113735 
0.9438564481239333 -0.7749242880949954 
0.9424912033514414 -0.7782125407643936 
0.8680608432041756 -0.76264101716994 
0.9653266010552862 -0.5514899714831716 
0.6479224826855727 -0.7167736223179574 
0.672209932392201 -0.5280991969032834 
0.7221645182254391 -0.7448206365045997 
0.6199280507637299 -0.9536847743406278 
0.9056777770945652 0.6798744669757143 
1.0513163378696015 1.0489464281036978 
0.745132361571764 1.0354855478028724 
0.9783585024003194 0.9533250549082368 
0.5081713489889663 0.5654030993286241 
0.803223397215627 0.9048534834302022 
0.5947302549211131 0.6572340402008454 
1.0652941378574103 0.5660687014197247 
0.6752370855208872 0.558214217341002 
0.9278311404407141 1.0858515042303352 
0.5454082680564195 0.619043872560854 
0.7122459785564293 0.9520727134702371 
0.7410672100528506 0.7978053664245152 
0.7510496991396436 0.7111910468636266 
0.7788728552825355 1.0140201433986686 
0.6623745216414958 0.7810903066784809 
0.6800565861877761 0.9200510335030219 
1.0495540872777616 0.6449673552558048 
0.7942268810519707 0.5529540499426403 
0.7985833292132853 0.594355399967502 
0.6690118948507191 0.9445322990258411 
0.5843649132021657 0.6883908647287372 
0.6087712747066718 0.5007431998249211 
0.9034851319055441 0.7142054276459653 
0.6318192395780354 1.0137586035977706 
0.726848303665903 0.869848181994856 
0.7705620717747778 0.940875732126127 
0.709834162333675 0.6464164824849643 
1.0626640235071214 1.0741253701803832 
0.6107291990766736 0.7600973431790912 
0.7538165567929838 0.732822307240293 
0.9500186418160176 0.5775946687668921 
0.5738968275659886 0.5384511714101264 
0.793711430398191 1.0899411718479048 
0.858262287445194 0.6771795087017393 
0.6632070599013233 0.9199672693564875 
0.7646390126564123 0.5199382858057607 
0.56229853575002 0.6977223019799904 
0.8835227194584406 0.5534083990459593 
0.5687419689373732 0.8059176549444205 
0.9562218245037493 0.5774003011182308 
0.5634090981729527 0.5839837996169391 
0.9996332791019753 0.6450121617664566 
0.8643751343799106 0.7846075797466654 
0.8905527552596009 0.6616006041251553 
0.9963800753377738 0.6006390420057506 
0.7847814194462295 0.5169963255704827 
0.5579376960216171 0.7230305548815661 
0.8375029092379771 0.502545392771282 
0.748952282644088 0.8519946672720867 
0.9513646726304379 0.5604555432287384 
0.7910392121327378 0.86384023428048 
0.707409068756612 0.8275751080716294 
0.6108313619062593 0.834970204262314 
1.0314602834694528 0.5691306223876655 
0.9633891656971632 0.9422973657731089 
0.5147843281634901 0.7500978993269162 
0.6484183210772138 0.8958583341740298 
0.8428001728979916 0.5627793201935112 
0.6163348449687125 0.814679166207482 
1.0893309070836135 0.8188089440720785 
0.5743032141356178 0.5309693623206809 
0.5063450892740958 0.8222051489496397 
0.984209298230826 0.8004948922927675 
1.0803489886143312 0.9672393570068814 
0.6951157202517557 0.8085037220098698 
0.5365516021627252 0.6507873514987539 
0.8720830291152545 0.6908512827405938 
0.850635296322271 0.7534784601555942 
0.5713264461674727 0.9389963436908076 
0.6754256669811651 0.9273563248439403 
0.8685132798844488 0.7253116031599257 
0.6059652244777556 1.029913108271599 
1.0725926617316746 0.7716763581929953 
1.0914566699370296 0.6652578786879633 
0.6518846807919474 0.7895922062096365 
0.6562520610361596 0.9328278640856442 
0.6622422344122242 0.744086329309805 
0.7145254894155532 0.7424502363658141 
0.6989348402342133 0.836440110476054 
1.0544774351968207 1.0317098202316257 
0.8944893788484094 0.5623043012647605 
0.8278804877173066 0.5174775090667582 
0.6540588817959855 0.8820356133976379 
1.0094862563577118 0.8281015986980541 
0.8579763225409482 1.0391127445554833 
0.5882750989431311 0.7961634122400894 
0.567986400084584 0.880263464055804 
1.018740379114503 0.5438467046186996 
0.6492341148233989 1.0674579315822572 
0.6953608062280194 0.9638688790849146 
0.5644248548662791 0.927196445751167 
0.6171243639402281 1.0885704120930542 
0.5096569171404068 1.0565437495602616 
0.9814292322352678 1.0481574249547936 
0.6432629245739944 0.5981351758161598 
0.9878972776215413 1.046240542134384 
1.0095829526028197 0.9079033435416249 
0.6425970779980985 1.0267120472176607 
0.6789277090593535 0.5695477356548426 
0.10628088395333424 0.9021709900832351 
0.04358792283060642 -0.8040243933901181 
0.6084257596579776 -0.5155094029142442 
0.07496504254904313 0.09417665525128482 
0.8033386086216732 0.7655814506012828 
-0.30998874058751547 0.9008320102915273 
0.9659439030870534 -0.13013415024321406 
0.22035962693938704 -0.2660288986601347 
0.24069635604641215 -0.706263065191669 
-0.9066779069343196 -0.042793003063385404 
0.7330004102809773 -0.08579021311394186 
0.26137596924039386 0.13708822537837206 
0.22660869411250606 0.2301942518649951 
0.5696717822619681 0.8256323801537004 
0.010946387061703255 -0.44284569349082314 
-0.10195179946602728 0.40540755997358136 
0.3980126876269914 -0.055254053736800035 
0.040994398724088166 -0.43539462897404024 
-0.8332863779212412 -0.3016459860021137 
-0.021546737355749634 -0.6378727931408568 
-0.6068171264451954 0.5592767069460267 
-0.557688896199898 -0.7022156443535179 
0.9088511117955822 0.8346341287460795 
0.4978734346701854 -0.6797101888788359 
-0.02627270999653808 0.06690595328325144 
0.23657922876523618 -0.7142016865842518 
0.6605584108159586 -0.8056691982956072 
0.6156592651877131 -0.9776708475570435 
0.9162368714115274 -0.42277113341467065 
-0.01760281127354002 -0.1395162216761603 
0.3000289730969554 0.7516362204795579 
0.8851051015044014 0.25844993311345 
0.9939000530092001 0.32046882874257676 
0.3998786918367703 -0.020639816748692974 
0.838415017917598 0.003761213990813417 
0.3916498916373383 -0.8283474844706862 
0.8683967000464472 -0.4566466570427914 
-0.11999174733705553 0.6581576236217008 
0.10572748848103286 0.8937277184983856 
-0.005284445294637008 -0.24278360407065613 
-0.78761803193936 0.9295259958236333 
-0.11720928854549184 0.03920878941052064 
0.014982800932197948 -0.23839652573036063 
-0.6315041810762234 -0.43554635444947953 
-0.1171260436406274 -0.32269282352540607 
-0.8304928891156118 0.35351717959379436 
0.47490919170952317 0.7069918660408663 
0.03700730135200159 0.1085454651943567 
-0.5341430022131941 0.8676160673450717 
0.3143895873055158 -0.465684759511485 
-0.47847481942345316 0.24558890401128441 
-0.9012837498770279 -0.999725470194416 
-0.987586640835554 0.2548658623123228 
-0.5589722079933797 0.7399237225042785 
-0.26109744507937993 0.6426203032307012 
0.8360527084035612 -0.6985351167561995 
0.28669583622463146 -0.8863544238698491 
0.6288190971801291 -0.45627435656138493 
-0.4605735030272886 -0.19402935678375255 
-0.094875000725819 0.11394273040238301 
-0.653946742531581 -0.7259999120085976 
0.9347752063935411 -0.950933176612395 
0.37386521483200164 0.12181778917706132 
0.30094675271286486 0.9098301997796738 
0.7736224983532283 0.9781216192240105 
0.47599800542247395 -0.3131042911479778 
-0.5584382861495576 -0.8844156072304534 
0.7934893291684832 0.6109841868603636 
0.38369814107342903 0.6912647200882547 
0.5181365430798592 0.9539550620582034 
-0.028939975442516586 -0.6789805399530047 
0.029871726797946918 0.9253938564293627 
0.7201933664380673 0.49969738453527235 
-0.9848618283854236 0.8493376817309228 
-0.3585213720117286 -0.7597777931424492 
0.9980009013578595 -0.05165187558546114 
0.16850409227742658 -0.7714992595764829 
-0.4543941295755496 -0.7327808067265327 
0.2149434094966869 -0.2225792427793778 
-0.9530253098663986 0.5361863546539052 
-0.9989112919137622 -0.0879699318363436 
0.09107500617432662 0.10357979147012686 
-0.04960749061250902 -0.970681633128271 
0.15955977715798486 0.46044470877072663 
0.1770764485153613 0.7498491929572462 
0.6015209123142113 -0.6652720412348605 
0.8690661316058486 0.814819503988466 
0.6720576212593614 -0.1497898820465715 
-0.7837835575046344 -0.819048743080584 
0.7934108540125795 0.825438295553039 
-0.5580069917337553 0.8269480669562146 
0.13687035205765086 -0.06950480600771747 
-0.03251998133216949 -0.7909220986502548 
0.12561228304047756 0.12451623221470998 
-0.23021322502584352 0.789770890750157 
-0.4769203998483489 -0.4355541751476599 
-0.40737102553994453 0.6119498207380745 
0.39847009925533783 -0.9943981363577761 
0.8250640888329486 -0.49686169974842076 
-0.5496498078897052 0.607194489012522 
