-1.090206637583391 -0.7670654962385481
-0.639590217697684 -0.6125626969129656
-0.7335078244529876 -0.8125079658276865
-0.6901887604886869 -0.6199056716610502
-0.7717538955474305 -0.5570743887622269
-1.0130376115725153 -1.0537445854517773
-1.0640237674420008 -0.5104118721992871
-0.832204630004195 -0.8001870107801208
-0.5122680601694758 -0.5441401874616768
-0.6722420431801752 -1.0890258525891199
-0.7769906482715493 -0.570769597636511
-0.7618019480678982 -0.5163047213879394
-0.7013982701404204 -0.6899872782538979
-0.7743238198072464 -0.7642475020871133
-1.0112362851065029 -0.8383290426042712
-0.8906881200693271 -0.7605260327127106
-0.8506924970977815 -0.7604797852679668
-0.8025187038293127 -1.0666913833079414
-0.6391653370514565 -0.6839227558135182
-0.5398560120476382 -0.6146956056203778
-0.589356540715521 -0.8233840312777213
-0.903211972036932 -0.5207827059798116
-0.6140625339960635 -0.9674953097439549
-1.0075567418100904 -0.7976287701017806
-1.0672030088225757 -0.9073248884658238
-0.8045763840754109 -0.5584630609757253
-0.6140389233626373 -0.7549026407003017
-0.8395795526920475 -0.7610033035798478
-0.706196455261961 -0.8695922366551578
-0.9207205607220557 -0.8743899871034535
-1.0490274618125015 -0.5611395917722262
-0.8307450773396224 -1.06890599008332
-0.6920009353741144 -0.770453681323461
-0.8952537429883051 -0.6261195597640903
-0.5472341793847163 -0.9426520378840164
-0.7365182430167179 -1.0461901355134349
-0.6469363351006242 -0.7016300301690963
-0.8881732941896172 -0.789428019125838
-1.0874511234242552 -0.7113896122570385
-0.7236470229995643 -0.7308005338599293
-0.7757495145449376 -0.6665894346747041
-0.5599813764163942 -1.0289289360221354
-0.9936373768284884 -0.6932554268821076
-0.6387333526157395 -1.015221777960842
-0.825606796329784 -0.9603167267290764
-0.7569366047552775 -1.0941419555725276
-0.8581744518463588 -0.8036091147788466
-0.8236423831983288 -0.5122065124804818
-1.051713754651286 -0.9462141562673352
-0.7513474996144002 -1.0011694423918
-0.5102021706748259 -0.8624792066595512
-0.8566564327453466 -0.7299396165773675
-0.629968795136359 -0.577789581662482
-0.5408134376839195 -0.7101373490177256
-0.9954414190235819 -1.0221412994147414
-0.8482797216184599 -0.9917947395929095
-0.8080566021027775 -1.0627886451638315
-0.7603198280081003 -1.058556457079357
-0.7839098883629645 -0.5297182391442846
-0.7706003459484478 -0.9858393068727467
-0.7363878494511951 -0.9174269538229562
-1.0110933343996755 -0.9607602547216871
-1.0719372779626892 -0.5974584229937573
-0.9491155100262163 -1.0792443966997676
-0.7702913009623265 -0.9083786685625541
-0.8601237946768351 -0.7335757830928934
-0.6948859070334348 -0.8033486705076918
-0.6959264926985409 -0.5827555652175918
-0.8848646202326558 -0.6301776425282712
-1.0142587250087964 -0.858383594710581
-0.6169832214899522 -1.0947177464076334
-0.913209436102582 -0.6003810069124964
-0.893890100958502 -0.5156874264422731
-0.8227769480915939 -0.9397231252208025
-0.6146724004575864 -0.9174869184514334
-0.7458682842368503 -0.5494532482319681
-0.6142216422721486 -0.7272964206793946
-0.7123474435464152 -1.0705997957098556
-0.6198871581205712 -0.64372368145553
-1.0122760804020743 -0.6862206054456755
-0.9670490859625576 -0.8264942906189872
-0.6082796597487861 -1.0646498743913877
-1.0396572723694222 -0.7201549819628146
-0.5920108928951174 -0.6221246803229633
-0.8574463252209922 -0.9694860099299125
-0.8459715955872986 -0.6653196785793588
-1.0184508062056816 -1.010296177455843
-0.5994926986887994 -1.0659201828471891
-0.7236093151551111 -1.0264997779819007
-0.526461976296805 -0.6922150697734746
-0.6596594237212372 -0.852851952839286
-1.0224272307302216 -0.87679318913812
-0.697190265071761 -1.072445037459928
-0.7199925144700413 -0.7347775947798688
-1.0726330482424198 -0.8090454325617249
-0.7539634002223947 -0.5636343517904716
-0.9661342813528241 -0.5465767623789055
-0.5714868620245455 -0.8534436593174414
-0.7616700990532074 -0.9215318228593911
-0.9974701788223634 -1.0156229428120434
-0.6970167213578187 -0.2946123982318467
-0.7646602300088456 -0.1954396360985371
-0.9396611161838935 -0.24582597337685064
-0.14236878997133817 -0.9545229619471098
-0.34806329454239004 -0.8649659905167069
-0.8376813697317018 -0.7413174001418961
-0.3445250235380899 -0.9296222057416266
-0.09492297511800363 -0.6754436098884873
-0.5017513530110276 -0.5508733080143162
-0.7181641511274095 -0.1629590668712264
-0.7118051499714244 -0.1963941386294088
-0.13970271432500447 -0.6643859265396366
-0.9248202022115957 -0.8839326424866483
-0.6659636053511271 -0.8107636104411715
-0.8119551895671784 -0.7610814875779655
-0.9698790517318179 -0.3167450504350413
-0.5927621789222148 -0.8758265446966882
-0.5879310307988199 -0.6548768193615526
-0.997011893492814 -0.24410636469200697
-0.8605329907186512 -0.20201186824452844
#############
-0.6747830214179099 0.57346567187835
-0.7124960886537988 0.6647685363858181
-0.7526667534334592 0.9983328719099576
-0.7535959650996429 1.0422982733005133
-0.6007726648740725 0.560121824797946
-0.5828737734803949 0.6764897291917179
-0.6457863738760335 0.8023372034048089
-0.5687631611798483 1.005057429296163
-0.5492525462176445 0.9193581926457381
-0.6845156864135334 0.7931730691919197
-0.5836049727358783 0.9820972656516903
-0.5599370956314199 0.6296628100536539
-0.6328931174341693 1.0856301070341154
-0.6235675068915157 0.5124371795037767
-0.636684275541205 0.8567219448641799
-0.6035626637350818 0.5787909371287729
-0.6220163215278274 0.8010610904876658
-0.7366384405214428 0.6929693521027339
-0.6110555929489168 0.7231206595982786
-0.6347529123005387 0.8714161456020364
-0.5642986881855759 0.9004310315236439
-0.5463559452844365 0.5678631325788707
-0.5655373154166631 0.9635513549452441
-0.6100741480791314 0.8857612456430077
-0.6394070760446429 0.5837208920592063
-0.6413874947220157 0.5471524668952967
-0.6262383007997585 0.9372207525652939
-0.6385310318106362 0.5652005624577778
-0.5988073653355777 0.7116972660738976
-0.6346806920071186 1.061940578372936
-0.5901402029002281 0.6389749796737794
-0.7248617159518503 0.9280930407453631
-0.7163367940629422 1.017056143380049
-0.7231499964121004 0.8166048828138587
-0.6846716001173294 0.7199430217895698
-0.7190698236198373 0.9647305371538069
-0.7498635547891179 0.9151646396753177
-0.5811115387469954 0.7809773078548616
-0.670891383162384 0.8177912479227085
-0.5240542715191949 0.9462755122810096
-0.5583851953390239 0.6378541276146967
-0.6955627067483656 0.930449042751504
-0.7199006524737852 0.7176960345750792
-0.5131255223620761 0.9735170968171837
0.044144921656486646 0.8228214243083412
-0.5597194649091528 0.9794456570393455
-0.25281773796512796 0.6584882019710971
-0.6621573217149375 0.7137483275971293
-0.6490756946814948 0.5029571867131135
-0.2873990981363175 0.6818438281430363
-0.6341262365997378 0.5338070215207196
-0.43223590820539814 0.7034140912495568
#############
0.6185752724866934 -1.0288224526817094
0.9881478496484786 -0.7984427428158086
1.0766305127674825 -0.95755274649604
0.5271605238752973 -1.0992783402468462
1.0008565236112927 -0.6304279296219197
0.5709903694538018 -0.9063910453256165
0.9312493080434631 -0.7589875195449363
0.8967789193521352 -0.6071349951288709
0.9007475761411369 -0.846578149067232
1.097439452125204 -0.884836856879124
0.9634517546774399 -1.0719577158714222
1.0889039746513323 -1.0931971456350678
0.9274976458813039 -0.9686495158452137
0.5440064656101152 -0.9449137585898565
0.8859133703494433 -0.8786411481626424
0.8974054870623764 -0.5803296235372224
0.7831244517452037 -0.6037497151016918
0.7696603059176181 -0.592258057587951
0.9678578745746864 -0.9039516156332457
0.8310351977464621 -0.7747409527660787
0.8650316084588443 -0.6992013158056827
0.6668182148186209 -1.0363465427282463
0.5498023548721946 -0.6197405606646806
0.5159008135002696 -0.8727148929624036
0.7262799819445307 -0.5196256406984191
0.8330764556500563 -0.828411012341572
1.0015031189877321 -0.5191770783842197
1.0729766650397998 -1.0947468915789067
0.6021064345759516 -1.0742828136035663
0.5097743397939039 -0.5880855581482822
0.8066958626462408 -0.883962157690781
0.6917447145397146 -0.5322414409455161
0.9612840155805504 -0.7423245722734944
0.6834856797822964 -0.7289432309480689
0.6082241958162367 -0.717033977713287
0.9710597078650901 -0.7419268798578397
0.5909170640142717 -1.0936157353369589
0.9965310409001025 -0.5430778710394247
0.7971500004991834 -0.9634198565766853
0.9483321350571989 -0.5731435601053969
1.0732653376991101 -0.5527809606968884
1.0626049342914718 -0.8548877870973228
0.7794394439792172 -0.9918916362282362
0.888122915209633 -0.5631619040884042
1.063190434382872 -0.8041327152360702
0.7336113279120828 -0.9042172497467625
0.8038185273479479 -0.560080444416014
0.8512433485969824 -0.8856865108681594
0.5248187481516849 -0.8851369098951477
0.6138015423376568 -0.9690121661660157
0.7843917294891528 -0.735707175007742
0.8154542745441165 -0.6877024299981098
1.036014339113371 -0.5660723211463995
0.6673080910547626 -1.0876461478263844
0.9016176129270446 -0.6965850434843004
0.8688580181314238 -1.0998201046974732
1.0192556956316636 -0.8635402216352754
0.9151682059090442 -1.091073333231952
0.5152351350072137 -0.9820501966978161
0.7470770329316173 -0.8552750366592708
0.5075100398206416 -0.7854802203137501
0.5679309604944154 -1.0049639408376816
1.0727343743517324 -0.8184769617164369
0.5353128988693796 -0.9027384907703571
0.803698847125315 -0.6553488108333962
1.0899415935775572 -0.7319791867005878
0.8469654026464764 -0.9915337083753492
0.9063793812337844 -0.6480954574381952
0.8413968246418531 -0.7743414392243257
0.6864791860457377 -0.787835700249772
0.8158034468632275 -0.7103462310351022
1.0120202664420113 -0.7407412276376508
0.8942649111665959 -0.80685615167461
0.5121940629679008 -0.7786512528863088
0.9250878049520073 -0.5267876746332117
0.5471111355017273 -0.709770283984083
0.9681642084331634 -0.5605416370507829
0.6439817049189995 -0.8683172208508676
0.7742289713162983 -0.5926306144774975
0.9476233940486798 -0.898733576857962
0.582294012766431 -0.7270230516473617
0.5907663440463867 -0.8800203425359074
0.6745842581657682 -0.970209412018368
0.8354923775789779 -0.7779779088604273
0.869511328303719 -0.8438467368275022
0.687730713613455 -0.6016004598148709
0.8431817642145074 -0.7529402061250032
0.6060688058567484 -1.009602553110728
0.8486474231361569 -0.5708712719311618
0.714222918721434 -0.8640320744313348
0.6495669772838895 -0.6191838151864179
0.9833485614761213 -0.5601509107896309
0.7011579087920777 -1.0178913833695535
0.5759575717104874 -1.0752402000962127
0.9962797378956065 -0.8611697336068908
0.5375437107284439 -0.973714810725512
0.7481999988009567 -0.8336510672990212
1.085105235222555 -1.0819071197020342
1.0040552520034143 -0.924137386746332
0.9880529034162506 -0.34666680583122256
0.7011198639588689 -0.6948870709380683
0.8064991912321489 -0.38683914446093937
0.05733673388754612 -0.8522833721231924
0.13862994827054798 -0.4849240246140012
0.16967598090206204 -0.7293415849287017
0.3226766858902119 -0.6769469639962056
0.7433364248110215 -0.7748139346964673
0.8345357954045849 -0.46309829210156406
0.8400865796058641 -0.20492242667037486
0.30192016071227723 -0.9663897794635912
0.3591657700690356 -0.3094845063800029
0.6298297181250596 -0.8991960622346034
0.328538676720876 -0.42941801940962043
0.15499242834294935 -0.7638203410308815
0.011235624924993859 -0.6825003682394337
0.5319596835445475 -0.807894043502319
0.642433778796083 -0.9225387503573028
-0.0739602055098616 -0.8433674745789272
0.3549907527516274 -0.5034582769107752
0.8863914182952766 -0.974679282087574
0.18287132860017818 -0.4987219534868619
0.7935264293713062 -0.3706054616995458
0.2143177486886696 -0.8749669007319587
0.648103417538985 -0.9581292152706333
0.07451568075899773 -0.9835177112052333
0.029280691075129317 -0.7656416293086326
0.49942727705555123 -0.4818414927384065
#############
1.0735886544125595 0.5968923564278297
0.5742307831255139 0.7835978709595459
0.6218636280575641 0.9180739978427107
0.7228430578240284 0.6591489793022992
0.5491751017658288 0.953237416522893
1.093220348544084 0.943835722409692
1.0111047396234722 0.8398422129158167
0.7397376483267517 0.8033558191543291
0.730909500343879 0.5109878342147725
0.5035732017912616 0.9311567310380153
0.6976911695309633 0.7298524622480469
0.504914328006837 1.0898495806507924
0.5471868519552161 0.9085945129122448
1.0278521161115712 0.7676368839957612
0.8540558068408205 1.0655435038544958
0.9466643228969077 0.8351238010966983
0.8463746324153072 0.767280806656694
0.8833978893266028 0.9150312443826487
1.0036382862142061 1.013733874521865
0.8966226375048176 0.5232276665908147
0.8189003652466582 0.5546813658603826
0.6799388703198139 0.5041446346426822
1.0937723310035206 0.8750896125408432
0.9962827357467987 0.8670398122818744
0.6918369381284056 1.0544746735288606
0.7902839342644195 0.6317194718761795
0.7016173355974551 0.8920075095486584
0.7058913115765175 0.7132309916294343
0.8545790736411509 0.6943530145984216
0.5901928126723963 0.6146842903865238
0.6067282478840746 0.5472576933448253
0.5868174454259529 0.9557595489664856
0.9242049849960239 0.7346734802035453
1.0135173110685347 1.0416070433385136
0.7138573410740114 0.8307291580236594
0.5784894255697643 0.7727433547344866
0.6091167042896313 1.0701340490185736
0.618707271193726 0.6111966070881067
1.0595816451749611 0.7016221282231994
0.7409933830075676 0.851551882878057
0.7795531184442199 0.7468181642042755
0.7127751815803376 0.8976963967761526
0.7863499268729022 0.7234309140672461
0.8844270860310097 0.8169623356391661
0.9035692048450612 0.6469517989297229
1.0288128240172822 0.9330139146069105
0.917542679657195 0.5990610676042374
1.056103065421805 1.027223437123525
0.5570753543128917 0.5437166391064954
0.6031540698540079 0.8454297415429447
0.7171392230513512 0.8834245643748894
0.8066944209179705 1.052870698061003
0.8665305371739673 0.8784631930213591
0.6482773254197265 0.9447300039435694
0.9675852878500136 0.7008567717384953
0.7064174307205918 0.5031369027728819
0.692882963137105 0.5626675414410593
0.9675415929856062 0.7936058392894756
0.6494552890419489 0.8446988784159799
0.732344354911491 0.8148015805346305
0.5153521114396733 0.8569754529387466
0.8078495794910239 0.5551637360585222
0.6565025426201867 0.786389712282487
1.0979405232616908 0.7683231095290018
0.7236458043236484 0.929677743418568
0.7963320653307643 1.0563904998830909
0.7296915519631876 1.0714105091088928
1.0459191385341833 0.8460974346252075
0.9772060527822026 0.84696045706645
0.957146764258581 0.9574164304813416
0.5438059105608122 0.5294264385856143
0.8755078455277581 1.0976868102505053
0.8400774951594334 0.8972736895890732
0.7544858643522668 0.966420787828199
1.0302257098405168 0.6759687587821444
0.6252205640206262 0.7268627060521481
0.8499921441326601 0.7021629304824039
0.6578856912020239 0.590022939833429
0.9694680748634661 1.0330011237437335
0.9822285241018869 0.5653062642642884
0.9302641956046684 0.5159063830935704
0.6759324463388131 0.6590031135304408
0.8370846227686729 1.0457140092559671
0.7394240512234015 0.7478103078969892
1.0030886105649803 0.6663023403831213
1.0544576811115456 1.0191965935483585
0.8365096679005339 1.0228909111187625
0.8712711512188349 1.0538265345310922
1.0128372994434538 0.6389501332659834
0.8853172131606375 0.927404874128601
0.6024528120356761 0.6781899725064928
0.8495363219230208 0.730201729433206
0.717946561900761 0.6573685282724808
0.721847346862464 0.8421677649207073
1.0084297034113494 0.5996850568539835
0.5699935119983084 0.7599465567786451
0.959989696515667 0.961295176344352
1.047092073599796 0.8492400149331722
0.8620247773148656 0.7250096412131408
1.0111969978178723 0.8918810353878286
0.5994127124671662 0.19800842549031938
0.7059384536946067 0.043248512725473365
0.5720538451614436 0.19246931801996747
0.9404262555509473 0.539434853818781
0.431949492787272 0.24054101596311916
0.8891094009199167 0.6419782138411376
0.8210187020606547 0.74928269412386
0.2233103748480021 0.6286613918988886
0.7629704751216018 0.12161448348890924
0.6625041488439727 0.139762443000085
0.34607930319858404 0.477670770292858
0.470392882309165 0.1076890621044655
0.9977410526984922 0.6324717094044188
0.9741974853096591 0.5358676519890615
0.5779006573722216 0.39251348808994324
0.7750044638328959 0.030206360104979568
#############
-0.8769955642034399 1.0137667442569382
-0.8386035621640684 0.6845844088458783
-0.8365913242994294 1.047013460491467
-1.0952137786273723 1.0727988452915516
-0.956532672195241 0.8156418884859843
-0.9877050333175827 0.5063336080723104
-0.8654333326941781 0.8239739080290578
-0.8854217671991487 0.7956111288321323
-0.9042058249929288 0.5621810381642267
-0.9132062919213205 0.6471391062562215
-1.0967834392356022 1.0934162590932548
-1.009173097606049 0.7859048612796513
-0.9155949637494534 0.8380789856757627
-0.7722041981235638 0.6189384892269028
-0.7509155605486189 0.869053092260778
-1.0372177394592978 0.6751514852557393
-1.0820541022670316 0.7522251511056283
-1.0232860020425443 0.7262631151031967
-0.7696495796890311 0.6187082295401537
-0.837068235055825 0.8207036188582915
-0.757566083096005 1.0452319618462689
-1.0429521583993269 0.6597244597163269
-0.8353016175186899 0.9319258482025131
-1.000791087502729 0.5759916098296476
-0.8310502812378078 0.774120286834282
-0.9746332367946635 0.8568905864360241
-0.8726310492762598 0.70886445719966
-0.7570638765488837 0.5815064178411827
-1.0192988169571862 0.8078380618237166
-0.9660886408644824 0.5685184781850332
-0.9997032898246683 0.9110001766738733
-0.9426982276691275 1.013697035529006
-1.0287344737293478 0.6963862478059637
-0.8579358670624775 0.6339824592298546
-0.7972322703069472 0.9635660913561515
-1.0534635916138477 0.6576906024915548
-0.7699089368007601 0.725273681308267
-0.9481929300319829 0.5230069543690302
-1.0977600020036937 0.5354408825354485
-0.9383947085998074 0.6121897944435953
-1.0520458107416946 0.6862417785111062
-0.9591182722217533 0.7666389815771472
-0.9923623232368677 0.8416264278827001
-1.0798778235499529 0.6563561357044472
-0.7649245675908893 0.941302664654408
-1.0370861577886863 0.6333402762126908
-1.0848760503512396 0.7180037472537705
-0.7573589018396263 1.0018829644500382
-0.9494359641506669 0.6374484971510908
-0.819836396640123 0.5464351840070679
-1.0438341645192646 0.8775174738699518
-0.8115587227556418 0.7201083619225745
-0.888760582324261 0.6112799878050377
-0.9065394285599175 0.9587652563255662
-0.9622858388461126 0.09048026315701074
-0.9903474349322445 0.8557307827030478
#############
0.062057681548935095 0.18028352065258296
-0.10704878096330823 -0.05413890024018696
-0.2822522634566173 -0.028518359044605333
0.09674111189951418 0.25717490521842223
-0.24530526323315463 -0.06707491115048815
0.057381704306736774 -0.045703894535340406
0.06341678982037849 0.07834457151049835
0.26943524282311876 -0.0961289956467514
0.1555965558906769 -0.16086855988184728
-0.040857135267051634 -0.01999794467391285
0.21950046964463998 -0.06653052378129276
-0.018299835633966224 -0.10902162008935427
0.0032994281093312525 -0.11165447680319728
-0.06379106473533211 -0.07945532630216393
0.26445285071306374 -0.10467036049065626
-0.2795725784396915 0.1068538213747121
0.27907890079326425 -0.09264672992587913
-0.09324917601875665 0.10094364781451937
0.17875267102082792 0.1760258167436165
-0.1496807928866594 0.07260895888456881
-0.2046691427718813 0.13611684988497005
-0.14313414122233586 -0.06589380824104088
0.025144934422276343 0.08850119766812312
-0.10270443264818259 -0.21102066788097262
-0.005338238494175796 -0.032265623023622
0.011488458852886775 0.0909775218172927
0.008614289411557393 -0.09428982794734127
-0.027545970294077512 -0.007602401760597513
0.07668477603118598 -0.22654780299177224
-0.0012637964485127133 0.08610625835728106
0.049119485216528695 -0.047470699457335695
0.07728278623524146 -0.28801729198573073
-0.05970492648470967 -0.2799122478665712
-0.1427322353476375 0.1403033301746668
-0.02974461351043322 0.0840341116709701
0.019677179647019368 0.23591105393481643
0.25406994049357867 0.08779621717071855
-0.0023400963928021374 -0.0021330108376831185
-0.12819172515363939 -0.0903978713465371
-0.08385255825370062 0.09341675235796794
0.030087524523416474 0.11322289067263946
0.019251621928282257 -0.1444343219962775
0.02427306440037658 -0.10229677102338976
-0.053022040755874966 -0.10558920743481758
-0.1402101290143324 0.07866758014115019
0.08244729176234544 -0.23879986019714086
-0.28301765186590044 0.004763891513805001
-0.03160496422129334 -0.03677733308091033
-0.05008661181908454 -0.0020383894958785173
0.053670680238227894 0.15223227377374035
-0.18443646091560462 -0.2354972935129458
-0.1237305687274271 0.001337298024896403
-0.19768414194134903 -0.17616292917497828
-0.18649980834144353 -0.08188735497980783
0.08329065420446766 0.04505401596072671
-0.023589213742518534 0.029385696831282844
-0.011200295267641604 0.005650077196452157
0.1546517166219659 0.13136959016990113
0.07152420357801903 -0.17453112045948532
0.036708037695396045 0.10885776028655651
-0.07876344196851312 -0.05961647986144427
-0.03852035563995646 -0.23328516112439726
-0.03640281106039321 -0.10367896855665276
0.033930194561932955 -0.0626455280302755
-0.22034682388822868 0.0016914517013021265
0.0955175659109141 -0.26828618694660655
-0.03543678415083008 -0.10421402426214256
0.04549827758051665 -0.024361510691603177
-0.00690793119654688 0.011368057152074345
0.11372610221872513 0.121362705854625
0.1502388744746954 0.16399889233810325
-0.24016140959759028 -0.1436036860611598
-0.048682968715158155 0.03278991137047618
-0.011840312801522384 0.028032949992829712
-0.10916952499730631 0.003099753791546423
0.10988447888000201 0.20418408888981057
0.025884001768155567 1.1295632259002343E-4
-0.10412108559294915 -0.23501159659194273
0.030720724732280564 -0.21231319746796812
0.004141572052112966 0.11761307921766354
0.1456928546058009 0.14771591795417485
-0.16640454872349672 -0.23227742800708967
-0.007770860102565795 0.01135354953362069
0.02820818201131406 -0.01512101894722173
0.04713404913531903 0.1688753385533267
0.1223226635711174 -0.12142103155508446
0.0201146290058826 -0.018185063860620243
0.010020550448167177 6.875610659107668E-4
-0.024720870690118656 0.05669747326948716
0.014393228536491462 -0.043999523163374604
0.13436246381303013 -0.19716268274269375
-0.0606192463376107 -0.07745043315207246
-0.07020612473775316 -0.12791202915101818
-0.14865481430273417 0.1572129762688596
-0.2342641185418654 0.0382213165593357
-0.13183685545160062 0.1841761300628105
-0.16189353016366773 0.11338644217750474
0.24835864318834736 0.004800842995109792
-0.14354224922212544 0.09718084832259148
-0.001527586274780381 -0.04006260395210388
-0.5950677731366538 0.16482570640948602
-0.050330046902337555 -0.2619879547752946
-0.6472822815729087 0.1905430406274442
-0.21801744555375713 -0.18714377346374533
-0.35470055759237473 0.21812903945955253
-0.34102417052818246 -0.13740343616976936
-0.29436607371945667 0.44974013158647574
0.031971803391367626 -0.0837319333121398
-0.3598980868827888 -0.22821197957352535
-0.11587713508405639 0.3709633571653368
-0.08694558741694536 -0.3770485600172713
-0.3795421163307606 0.42257962406906846
0.14110722604371673 0.13792321336677338
-0.4884863095313752 -0.09069415197784703
0.07182361063227916 0.48576475415867715
-0.05455791258826492 0.42628864689663803
0.3720333075068871 -0.05125546588215424
-0.4161681068917731 -0.04635472958587994
-0.6998337230262939 0.2302770100595084
-0.4944245374388667 0.32965967513155037
0.048542155752564486 0.39874100781914934
-0.13137201621876726 -0.29386015650030806
-0.6497230420431015 -0.09445303594993071
#############
